12497500 12497500 12497500 12497500 12497500 12497500 12497500 12497500 12497500 12497500 12497500 12497500 12497500 12497500 12497500 12497500 12497500 12497500 12497500 12497500 12497500 12497500 12497500 12497500 12497500 12497500 12497500 12497500 12497500 12497500 
49995000 49995000 49995000 49995000 49995000 49995000 49995000 49995000 49995000 49995000 49995000 49995000 49995000 49995000 49995000 49995000 49995000 49995000 49995000 49995000 49995000 49995000 49995000 49995000 49995000 49995000 49995000 49995000 49995000 49995000 
112492500 112492500 112492500 112492500 112492500 112492500 112492500 112492500 112492500 112492500 112492500 112492500 112492500 112492500 112492500 112492500 112492500 112492500 112492500 112492500 112492500 112492500 112492500 112492500 112492500 112492500 112492500 112492500 112492500 112492500 
199990000 199990000 199990000 199990000 199990000 199990000 199990000 199990000 199990000 199990000 199990000 199990000 199990000 199990000 199990000 199990000 199990000 199990000 199990000 199990000 199990000 199990000 199990000 199990000 199990000 199990000 199990000 199990000 199990000 199990000 
312487500 312487500 312487500 312487500 312487500 312487500 312487500 312487500 312487500 312487500 312487500 312487500 312487500 312487500 312487500 312487500 312487500 312487500 312487500 312487500 312487500 312487500 312487500 312487500 312487500 312487500 312487500 312487500 312487500 312487500 
449985000 449985000 449985000 449985000 449985000 449985000 449985000 449985000 449985000 449985000 449985000 449985000 449985000 449985000 449985000 449985000 449985000 449985000 449985000 449985000 449985000 449985000 449985000 449985000 449985000 449985000 449985000 449985000 449985000 449985000 
612482500 612482500 612482500 612482500 612482500 612482500 612482500 612482500 612482500 612482500 612482500 612482500 612482500 612482500 612482500 612482500 612482500 612482500 612482500 612482500 612482500 612482500 612482500 612482500 612482500 612482500 612482500 612482500 612482500 612482500 
799980000 799980000 799980000 799980000 799980000 799980000 799980000 799980000 799980000 799980000 799980000 799980000 799980000 799980000 799980000 799980000 799980000 799980000 799980000 799980000 799980000 799980000 799980000 799980000 799980000 799980000 799980000 799980000 799980000 799980000 
1012477500 1012477500 1012477500 1012477500 1012477500 1012477500 1012477500 1012477500 1012477500 1012477500 1012477500 1012477500 1012477500 1012477500 1012477500 1012477500 1012477500 1012477500 1012477500 1012477500 1012477500 1012477500 1012477500 1012477500 1012477500 1012477500 1012477500 1012477500 1012477500 1012477500 
1249975000 1249975000 1249975000 1249975000 1249975000 1249975000 1249975000 1249975000 1249975000 1249975000 1249975000 1249975000 1249975000 1249975000 1249975000 1249975000 1249975000 1249975000 1249975000 1249975000 1249975000 1249975000 1249975000 1249975000 1249975000 1249975000 1249975000 1249975000 1249975000 1249975000 
